2480
9495
5098
6384
7706
2567
9046
353
5547
7205
8156
1721
7517
6409
9535
4735
4890
5705
7828
4161
5743
8622
385
4224
7754
1711
2391
4804
5864
4176
313
8848
7794
7256
2366
5686
6198
5579
8098
4157
4106
4657
4627
2750
7458
9894
6780
9064
5009
2159
8959
9987
5600
2849
1534
2517
4987
8583
7832
7631
2575
2675
1007
250
3375
6832
1814
5354
80
2303
8939
3997
8519
7928
1715
3047
4915
8941
8080
8796
8012
3128
5912
5313
2457
6912
6974
2433
8405
7916
8894
3347
7789
163
2685
5626
3816
252
1075
8749
6160
4842
6039
1161
3969
6497
1372
49
7577
6477
2393
1500
7015
6963
188
21
4004
7510
5271
2523
7723
4519
6386
3197
4917
2649
2057
4555
4619
7674
2003
9972
7119
5545
292
5344
2547
8930
3799
6958
7248
4886
4566
1377
4079
1160
8024
2295
8969
4473
5816
7975
2150
4785
9739
6842
8952
61
2591
4071
2074
8420
9874
3247
4067
8296
3950
2960
7872
1032
2246
7857
4345
2803
2471
6541
2327
2957
6668
5866
9151
7116
9516
6916
6300
5792
9057
6259
7713
7607
8811
1816
3034
5953
1222
4782
5450
3795
6529
3401
1448
4967
5058
7261
2884
7137
3464
9969
9503
620
599
2823
8275
9145
9914
2333
8389
8032
6243
4430
8870
1234
3016
2813
4294
8408
230
8682
6858
1011
6868
2223
1203
2492
9613
1479
6632
8660
2766
5582
201
5451
7198
2168
6483
7413
9192
3207
5820
9170
8520
5715
2047
9606
5402
8656
6010
7823
6911
5269
9083
5259
8183
1896
3428
3829
4556
110
8644
5514
2904
6563
4411
8629
6856
3560
5051
1043
8679
4513
1302
373
4911
8720
1664
9322
9360
2926
3455
5062
3977
4429
4426
4940
194
2450
6410
9090
1641
1399
1970
3232
7495
8704
7056
9632
4598
816
975
8241
479
4059
9197
6127
9329
7582
2997
1508
1930
3866
6914
3018
7324
7244
9249
1276
9777
5331
6092
3073
1046
7946
1355
6413
9392
5780
6047
7243
761
7
4093
176
5897
839
156
1935
924
2908
3112
1069
2901
8077
2071
9594
6313
1795
9568
2263
7529
1830
9831
2832
7719
4921
7139
4569
8599
5914
1979
5892
1725
9127
4500
3754
3834
2565
1193
5251
6687
6883
4517
1323
5754
9142
5550
786
5068
8658
9121
7030
3230
6305
9569
1598
3345
8180
8365
7489
9225
9989
3975
888
7379
5886
4231
2568
1671
6614
248
7610
9931
9813
1918
899
2214
5102
5502
1008
8875
1065
9106
8084
39
4704
3452
6444
8160
3155
2516
5153
7125
341
2630
410
1301
9507
1872
9738
2806
3822
6462
3056
4727
3067
6395
5356
2505
2729
9991
4076
9461
5332
4726
6509
4498
9332
6705
4046
1299
5589
3248
4807
7541
904
3258
596
148
8053
6094
6024
8596
5305
2343
1788
6630
1033
7307
8330
1575
2118
5693
9158
2530
497
8036
8936
1382
3568
6484
2704
4676
2015
8182
5410
1763
5041
9234
8904
4087
7758
215
705
4090
9033
1662
3959
2380
7905
1542
9141
4060
7777
617
8022
3244
7955
6258
5218
1735
3413
5827
5552
4178
7444
6242
3371
5127
5482
9168
7817
5245
5250
2992
6049
5731
9118
1469
443
3929
9496
5447
9599
6131
3081
4736
9731
6177
2028
1812
9345
6185
6792
9827
5089
3927
8492
3585
8515
6219
4330
9848
3613
2924
7203
1700
5467
789
4593
5911
9892
1925
4412
1691
5898
710
4086
2991
520
7591
5913
8413
4955
6307
8996
5038
8843
5286
9676
9122
6042
160
1769
8673
2678
8023
228
9084
8700
6091
5947
7498
242
1293
8542
5031
7809
7897
2239
7643
3779
8495
6290
9163
2943
4560
1042
1187
7162
32
2617
462
8544
2296
9391
905
9383
7099
7544
8171
8983
9672
1604
7254
5494
919
2566
8572
1190
4855
5690
9890
1802
1116
5657
7849
7074
9533
8141
1916
3633
5530
8166
477
7968
6271
4298
2642
6398
4380
1858
6132
4786
734
7496
9300
6544
3069
5925
3972
3204
2686
8154
2667
1441
5883
3536
6331
7650
9136
4050
5055
8890
1331
2200
9770
480
3852
5839
9630
5644
8835
7689
7555
8076
8354
9587
2585
8668
9157
3583
9905
8323
5756
8122
5623
9935
5721
2123
2749
7088
7950
545
6249
9467
6535
5290
8313
9879
7851
4510
5122
4863
1931
709
3390
4626
8825
9759
8725
1121
5649
9238
7515
6902
5204
7927
3662
751
3940
4686
9908
4924
1781
6530
5027
1463
2308
8532
2186
8669
760
4506
1348
1791
6714
3594
3049
2606
9986
7427
1188
9292
4346
8357
2605
8062
9039
9953
6728
9003
4168
9211
819
7742
3045
7492
1474
1889
8613
1910
4414
7745
616
4745
3161
357
8374
6878
9321
9845
5857
3785
5128
4857
4072
5253
48
7060
4529
2787
9253
1545
5230
1320
8710
3476
3260
736
5154
5808
9652
1535
1799
8073
6873
5347
863
5938
8226
9271
578
5090
3979
4771
5083
2865
3255
9014
2306
6467
494
8471
2419
3105
2193
3702
7939
5037
9400
9411
5386
2532
624
5984
4116
6899
7940
8574
728
4731
6493
8888
6261
5112
120
5072
1530
5516
581
1319
4019
7344
810
9793
768
2233
8165
9120
6363
9250
8418
9911
4959
3980
1124
1481
8862
8979
8815
562
1940
1833
4482
4395
5111
1952
4908
7447
1357
9580
4169
8370
7611
3328
7861
7372
4229
3701
8068
8587
5629
3798
9161
4226
4008
1972
3373
3645
9669
7397
6268
7840
4790
4780
8256
3484
543
4164
9125
9772
192
379
4543
3974
633
9288
2670
1965
4104
3839
8842
9469
5036
6713
5557
5188
9957
8756
946
6959
3506
5710
5708
6182
7698
3892
3598
688
2546
6041
8255
8993
5664
1477
9867
5625
4007
5655
7889
3517
7182
4378
4423
7497
371
1962
4880
9306
3482
448
5498
608
9658
271
8499
8714
972
612
50
7144
8770
5148
5327
137
1107
3590
571
3601
5774
7048
7128
3988
4255
9835
8594
6600
6215
7984
5478
7325
8254
8444
3394
8909
6760
7962
3391
7915
8336
7027
9915
6013
1305
8338
4901
9545
5325
4193
1999
4336
8795
2264
1745
5186
6284
4509
4396
3214
4360
5931
9868
390
9415
2679
2733
4923
6768
1981
9968
6772
7778
6206
3756
1976
9540
8863
2581
3550
9971
5477
6608
2868
5029
9573
7158
7436
7151
4165
1995
2483
1060
594
9702
451
4675
9193
3393
1581
3569
2470
4957
6732
8269
478
5308
1583
1797
246
4284
7645
9982
1532
9577
3110
3592
4793
3160
3596
3064
9279
9281
4128
3518
7457
8706
2945
6587
5492
9556
9242
9655
6841
4868
9213
12
9984
9886
1592
393
6933
3474
887
3989
8203
7169
7737
7394
5415
9930
3790
2751
3381
3205
7839
8897
6636
6606
3309
6610
6201
8921
7265
3869
9530
9656
5120
2769
9128
5706
8240
4489
2661
9307
9201
5028
6812
9966
5880
2417
1867
1212
2487
2736
6109
6048
7761
1083
5531
9178
142
1021
1058
9589
666
8699
2035
7569
489
4203
8373
5803
7046
4693
8352
7204
1303
9844
9219
2988
8571
1558
8973
5059
8967
5647
1407
7845
8407
1053
27
2117
6592
4505
8518
7110
4975
1709
6282
6036
3921
690
3280
3030
7967
2927
9881
8690
9093
5584
2932
4836
5797
4315
3603
6566
9806
6119
1515
389
6558
3491
6338
5860
8104
4038
9730
4699
6183
1949
4591
9714
3458
9687
5197
1516
7888
1954
8227
6089
6498
5753
7333
2497
9598
9098
6116
3813
8641
1326
6791
7212
7769
9797
9018
3140
1028
2979
7829
522
2718
9260
4587
4635
2715
2174
8001
8855
3265
9054
3065
6586
5956
3121
8719
807
5985
8194
2187
5865
3340
3461
6824
6228
5978
9561
7007
8105
7429
2329
270
5619
1909
9247
7842
5453
1587
6551
4134
68
3054
726
8781
2086
6881
3826
2272
2618
6262
7740
9493
6967
7708
6235
8961
4518
4053
834
753
2335
6748
9358
7059
3692
7751
7321
8951
4669
3243
4599
6378
5069
6018
8767
2597
2758
3621
5200
5869
6597
7958
2889
4268
5265
1920
3637
223
31
9371
4931
3582
9156
6683
3625
1191
7049
8423
5943
46
5570
3745
4252
9031
1225
6107
6874
609
6255
4641
6360
1701
8137
4344
2541
1906
4434
8151
4247
507
6481
4279
1089
6840
7734
4515
2358
791
842
715
5016
1127
7142
8829
2818
6334
1027
6929
9209
3614
7518
6420
4879
6074
2982
4661
8758
9269
861
3012
7538
5653
9665
4773
6431
37
1486
2084
5858
5073
8564
6626
9459
9701
8003
8968
7792
9871
5070
955
9775
4862
2789
4484
7199
1553
3510
1077
8409
3676
9896
8483
5614
3111
1417
8334
8135
5836
3794
9215
6992
1827
2498
2194
8821
200
2418
2995
4968
4777
4992
5636
1730
8491
425
2297
2199
8600
4113
4474
1702
1803
9336
8803
5442
6767
2631
4654
7994
9853
1476
5990
8281
910
9370
9555
8464
9387
757
5604
4242
7448
2990
6124
8291
6853
7356
4320
9558
2273
7882
9414
9509
1178
5845
7895
3290
5149
6224
57
9140
6880
7788
9301
1727
8891
4154
4660
8007
4436
1757
2294
7421
4601
3027
6836
9143
676
8230
5097
7130
7956
1184
9938
9380
1883
7207
1140
9291
8385
5933
6789
8818
5328
7460
3818
4800
2662
9899
2746
255
6019
7428
7937
6492
3478
3395
4018
9913
6342
7240
4797
3102
2879
2683
4088
9638
7200
7791
7508
8868
3861
5079
2261
5432
2157
1111
5056
8356
4843
53
7580
9277
7112
1449
5847
6372
8638
8944
9703
4875
8450
3291
3736
3831
8147
1824
9692
7471
3074
1875
1076
9241
1057
6750
4864
4198
3139
8289
4162
2490
6073
6701
3134
98
6052
272
3905
6787
6837
3024
5994
7391
72
758
9528
9080
4233
9862
8050
2861
5645
2424
3229
6030
1070
5226
9870
1306
7560
2253
3967
8066
5407
2192
5138
9686
3087
5130
5176
1359
7288
3357
4401
6066
9468
4905
1613
3876
1365
4029
6308
7476
5397
8311
3548
2696
8805
7978
9572
5348
4690
7351
3361
7598
3722
4156
4227
8975
9060
1887
9663
8033
5497
6250
8086
1241
2556
825
3383
64
5201
9457
8286
5855
9715
8666
4099
6115
4043
3239
7077
7483
7362
1108
4305
2251
9978
2211
3697
88
3446
7292
4733
4347
6547
9564
9044
6667
3877
1094
6469
7338
6086
4269
9597
7688
5370
5381
5997
8284
8051
6391
6550
135
6211
1589
1772
8340
7670
3775
5773
8588
7536
1569
1561
4362
6123
3078
8178
1217
6231
237
6830
7178
5446
9631
6961
2553
8246
9167
4470
7237
2699
1870
5656
314
8912
6720
9674
8434
4639
6220
3767
1663
6949
6474
4787
6854
413
1817
4960
1205
7327
1163
9188
1316
744
780
5087
2204
9053
6906
6931
5785
814
5907
8945
1128
7267
150
6340
7070
2890
9153
4579
9956
4286
3886
5361
8940
9382
6781
3881
4557
5225
6559
3774
2620
3311
7531
1853
7378
3269
4066
2837
3400
2452
9384
8455
9309
7360
3352
1639
6404
906
6775
8448
8611
2918
9998
9964
9541
9667
8560
5746
9607
4386
9962
2137
6210
8278
9235
7921
4796
2010
5189
6845
6975
2713
6186
6935
3578
5631
7739
4167
8664
9728
9124
7241
7385
4262
442
4199
8603
3871
5559
3901
510
8694
1227
841
6011
7822
9819
7811
7660
4986
5246
7912
1056
6291
6017
8513
9268
257
6429
7005
7222
2909
6631
4003
6524
2156
3604
7626
3147
7806
5935
643
5881
6682
3800
5633
5986
9552
2801
5630
9517
401
668
5642
7503
6297
4249
1289
9521
9434
5716
6155
7414
1650
8667
222
8932
9684
3192
7490
7750
9722
199
2737
3023
7040
8140
8830
4394
9452
3944
1538
6644
3642
8212
7408
5318
2994
4054
7819
9117
3514
7410
1768
4533
3715
3801
2520
1104
403
9412
7813
7995
9351
7013
6531
783
1811
2576
846
5601
3101
5443
5510
4870
7738
1025
6702
8026
1254
4594
3541
8412
8688
3339
6833
5817
8523
9751
4581
1049
6447
2978
8926
1220
1661
5198
2222
5039
5628
5301
9695
8142
2771
2050
6068
2002
8279
2236
1418
3846
3835
3837
6784
8027
6619
8228
8790
9319
2607
9539
7042
7499
3479
8757
7642
5735
4934
6032
5663
4142
3262
279
5096
9778
4044
5229
9677
4496
8999
2477
3778
2396
5915
9804
1497
3173
4341
8414
5333
5316
5709
1386
1172
1015
5047
486
73
4734
9542
8766
3152
3119
3089
6126
9588
4492
6520
3150
7459
3620
5916
6829
2741
7924
2031
4202
9264
3772
4189
8919
5811
4744
1656
712
5875
5815
6306
8953
1599
85
4817
364
5430
2080
4643
5908
1591
3387
9421
69
420
1453
7426
3312
979
5853
6525
143
4867
2258
4861
2572
3738
6232
7358
5132
7320
2428
7575
3427
9864
5830
3456
4985
9952
635
4866
8272
4217
4972
7170
3889
8065
5314
421
3743
5439
9996
3859
1022
8331
3025
5385
5284
5859
432
828
124
9270
3894
3389
8100
6726
5093
9099
4208
5588
1318
9985
7866
2065
5389
3460
7774
5833
8607
9843
6708
1484
673
4158
5568
1378
9900
9395
6084
5920
6150
500
8652
5274
3858
1405
6645
3486
7657
1959
4303
7071
9401
3885
7123
9664
1315
17
6251
7644
1150
6382
2378
3035
9410
9229
3729
7836
1741
8592
5739
5257
5900
7106
4245
6156
6909
9833
9670
9263
8243
3430
937
4281
4609
1718
8646
8525
4388
9379
5155
7484
4428
149
2025
4324
6187
2933
7790
2102
9812
9418
679
6548
25
6458
3122
542
4906
3412
9101
5046
3880
5337
5762
3218
3888
273
1619
8049
3949
6821
123
1344
1674
7891
3253
5877
2743
858
3546
4102
6528
9206
6722
9796
8346
3665
5109
2551
6080
9603
4221
202
671
6146
9295
2859
5640
6159
7509
5317
4813
565
1429
297
5804
4276
5738
1919
2626
8235
1813
4570
9348
370
1152
8576
5967
5236
9438
5210
1471
6627
1659
7506
6389
8910
6135
8701
3973
7545
4658
2474
2081
7343
3343
9960
9435
9709
4772
295
2478
99
7450
1923
2987
1945
9506
4047
6749
2410
3133
7089
1594
4748
2245
7669
7991
9774
6660
4389
6991
6607
9682
6977
2252
2473
941
1929
8619
4456
7041
5261
3986
9699
4215
738
4993
5597
438
3991
2073
8705
3803
9922
4293
4769
4488
2056
9376
729
875
4340
1488
2537
2915
8971
4296
7167
377
3300
2535
9548
752
4574
2830
1040
1147
4834
2064
5838
4322
6326
5105
9111
7152
6595
2171
1459
6634
9310
9611
3584
657
5577
9825
3654
5024
6008
2858
7454
4925
7578
9072
6635
598
2013
5398
4611
9661
4359
1242
1105
4123
7105
3011
36
9789
6265
7236
7757
3190
4838
3490
3331
6917
5742
5203
1512
1213
6333
3363
1368
585
2968
1917
6855
7380
9231
1455
2234
8850
5889
1196
9733
2124
8773
2059
2876
8116
1421
1606
1621
7445
3449
7132
3066
2039
186
3904
2550
6169
4218
8048
9420
6294
9766
4702
3215
6793
2098
6637
8780
409
781
9346
198
4714
2101
9180
1841
8987
3627
6174
1457
6104
5863
3189
9402
6388
1697
6319
1397
6204
9884
9851
2527
4166
8645
3732
1848
9324
3526
210
2820
5185
2058
5936
1519
7179
9025
2561
1776
5834
9164
4852
8823
3908
3096
6552
9873
8640
916
9038
6629
6031
7273
8817
7753
4656
8071
2601
2828
5919
7225
5456
7396
7481
2502
13
6620
5262
943
8159
5603
878
2589
4213
2110
6487
1059
5470
6226
8029
4949
2588
3434
6622
8054
1997
9212
3421
6764
5384
1937
5688
8117
2350
2925
9822
1415
9087
3713
654
298
4602
3451
8187
3751
9554
5793
907
812
2340
1556
6570
312
6145
8044
4776
6810
4847
1267
8362
1623
6887
9550
8990
6000
9919
7965
9694
5199
5566
83
7554
2075
658
1164
4718
8741
1039
2217
2717
1818
6069
3532
9576
8421
4646
4139
9809
3728
5621
5696
8648
7375
3634
649
877
4266
771
6588
6335
4368
7039
3984
6523
4571
23
7156
4942
7621
5364
7618
8602
4131
3515
931
2185
7744
8946
346
5232
487
993
2947
3170
7191
6244
1957
9344
2281
9377
9007
5759
1036
1898
9747
7101
5063
9553
2677
2093
9946
8120
986
5775
4625
7589
8087
1465
1134
6865
2981
345
5349
2529
611
6826
9547
4721
5606
6707
475
3872
4083
3573
4896
380
9659
1122
1501
4256
7469
3935
994
9977
8942
3821
9256
9678
4848
38
7117
9857
7293
8234
539
3735
2453
4553
8190
1708
8935
1881
7187
7890
4464
1103
4095
3033
1821
6227
719
417
3748
175
3143
7337
4795
2921
8392
8984
6797
329
7562
1842
5764
5152
8443
2852
925
1531
2151
5406
9218
7818
2173
7468
7145
7008
1345
5799
4094
9624
1363
6023
1239
7323
6330
7727
1695
4739
8974
6805
7403
4898
7024
7820
1525
227
9815
9196
8136
996
2356
5320
3933
5910
9237
2976
6937
9404
6828
1790
5821
720
5238
9936
5428
8915
2877
5292
6029
4982
5665
3006
7781
1946
2996
2409
8514
7986
9205
9041
6584
1707
2755
3769
7691
2229
4914
1544
9566
4222
5387
8057
2336
1272
2158
1375
548
6480
4000
4163
2963
3154
8851
6783
7312
9943
7597
7275
3475
9372
8181
3077
7600
1050
8342
7057
3934
5745
9565
4425
7319
6799
7572
4030
4803
687
9903
2847
9035
8231
7573
3021
277
647
7630
9995
4465
5513
8095
7223
4701
9244
1237
7535
6499
5922
5193
2475
667
7097
3368
2970
1395
9027
2986
5174
6651
8064
4112
1698
2184
7998
5353
427
6526
1988
9148
3180
5977
3022
2656
4763
5217
9246
5094
6063
7992
3566
7230
5683
868
7020
3333
4605
7409
4897
829
4272
9779
4408
718
317
3094
833
6359
1886
534
9373
146
7063
7133
7686
6572
7466
593
224
7150
8618
798
1518
2067
89
1198
4107
1764
2369
9623
935
1030
4991
2833
2967
5901
2940
601
7082
5129
6366
7964
8454
9526
6136
8799
6815
8905
2525
8185
2165
6407
2203
3533
5270
6153
9325
6178
1524
6527
2131
3071
4525
8088
3782
714
632
7453
261
1731
1845
8691
6059
2076
8462
8433
5142
3480
2866
7206
3553
7932
6442
9925
9487
9592
5945
1252
7868
3256
5512
2614
517
7441
8578
6681
8303
6479
1761
7043
2311
7770
5426
1705
461
694
2528
6435
3365
3689
785
4820
1665
9830
5899
7530
1851
6419
5358
2993
9644
9942
4137
2869
546
8489
9863
8337
8010
5034
7596
7028
7485
2912
6046
9330
7044
5585
675
5126
490
9498
378
3688
9818
8134
2702
8858
1432
1749
4494
9171
2238
6905
40
8650
2773
1499
9821
8266
3355
2964
5882
6117
8686
8643
4990
2835
5704
4705
6729
2655
1401
4674
52
8551
8772
7449
2610
8998
9208
7609
4994
2885
2240
1047
2555
4497
1259
7746
6077
5596
749
3686
9754
2843
1431
4033
3353
6671
5106
6964
4562
2910
3356
3727
1630
9737
754
869
2627
9929
7180
5724
9803
8589
3716
2321
909
4182
111
7377
4542
7147
9500
5147
3588
3545
2220
7034
748
5687
2148
4387
4649
1751
3783
8989
482
6731
5617
4550
5195
4493
7478
309
3053
5787
8837
5383
9708
4170
8329
190
7264
8845
2315
4159
2700
6776
8902
5737
3879
806
7647
9175
4554
6986
4077
9497
1647
3165
6604
5388
5161
7011
2196
9190
6357
6213
5455
2345
141
7493
5976
770
9492
6367
8665
8761
5677
6343
9115
9651
3321
1186
7960
6037
6915
8623
8005
3608
9406
3385
2899
9520
4133
6900
8393
284
717
2228
5909
6536
4799
2051
949
763
9149
9681
1762
3624
3505
8517
2798
2197
1801
9113
3440
4873
8030
9917
8531
6473
5682
817
3063
7696
7925
8566
1088
2009
3406
9195
6852
4829
8903
5322
263
9394
6800
4041
9828
7504
2838
5466
3724
5392
4983
7500
5511
126
1506
739
3166
5118
426
6465
4561
9428
6264
4319
8220
2092
7349
8553
9040
2
8674
7633
2486
6849
2442
2293
8294
5064
6221
366
8502
8620
6176
9449
9154
7002
1005
515
912
524
1770
4052
6814
7825
3
610
2155
2359
1732
169
1675
4160
637
2646
4446
259
5244
4549
7595
3924
7181
1955
3958
1636
5790
2198
4302
1192
8954
8555
8534
2040
8390
5394
7085
2072
2326
8128
9600
8198
6746
87
6324
1240
330
5099
5567
9719
4698
446
9440
2189
9887
5613
4878
989
1877
112
4636
3493
5675
1831
2850
5969
2491
7438
3299
9608
5237
2754
3281
4835
6141
7277
70
8889
2708
4621
7025
7465
3703
1126
3268
7805
5368
7363
2005
1586
5065
8806
5258
1843
4409
5868
6295
4011
3579
8486
2846
5960
395
6028
283
5452
8042
3320
2201
7977
5418
2900
4353
9745
3902
3513
4333
9883
3125
7334
4445
9893
7948
9480
6390
9333
3955
4679
2079
6864
1774
3100
6811
7938
7877
7163
7052
4730
1680
2719
1097
4143
8874
2697
1927
3968
5168
433
3591
4342
2807
5538
629
1677
2169
485
9898
1645
7239
6461
6152
6568
8883
6798
5958
2916
6358
1288
790
6710
9272
5528
5749
5752
3349
7936
9711
4910
882
7787
9805
7783
8785
9017
2770
2446
2023
1982
4825
1850
1871
4187
2765
1215
7102
4014
4652
5884
4181
795
299
6248
8693
7893
5831
7425
5641
1201
449
4607
4808
63
3711
1110
9773
9641
7283
8427
1435
2142
9026
2812
6055
2337
5540
7346
1167
4719
9049
7164
6567
2218
6733
9029
1649
2648
60
2710
2091
6281
5247
282
5741
4580
5921
1458
8898
2284
6070
6513
2785
2723
9470
5959
3120
3737
4551
3903
3512
7814
7177
8732
6819
9826
1250
3610
6943
7971
8426
7860
683
5260
7655
4712
3313
638
5750
9096
7505
6033
8461
2883
8920
412
5107
6387
5952
7862
4152
1773
3225
2302
9882
7885
3285
1573
8096
4904
2905
6574
9765
2138
3993
6603
1334
3802
9927
5518
8017
3098
8069
162
3007
2259
5184
2911
5809
5598
692
5121
848
2456
7637
3151
3115
6245
8472
7304
5891
7683
746
93
4057
6661
9823
2747
4228
9502
9488
9011
5519
2720
7091
4837
8748
8188
3511
7208
5807
2170
147
5544
8377
2372
7079
4069
9472
3141
2276
4402
180
9458
5553
4207
7999
9198
3644
5123
4413
569
9144
1328
4592
3050
1895
8562
5646
2635
4677
1099
6112
5362
3040
4173
450
6106
3631
5425
7259
4798
8820
8271
5529
6613
3350
570
8348
8813
7221
4539
7687
2210
4273
5165
177
9423
8469
7532
3760
7947
5045
5562
2897
4618
1439
1470
3890
5714
1207
4235
9063
2407
9089
2392
557
6202
680
9005
9019
1493
3473
6796
7717
7775
5020
2784
7594
8844
2922
2097
1466
5144
3572
9006
3004
265
706
107
5825
5268
1142
9065
97
3833
880
7624
5930
8657
5433
8363
7766
8545
2493
677
3628
2515
1336
3411
1993
9760
9079
9889
3438
9849
5468
2584
5726
3384
8319
8814
6655
1143
5575
1892
4385
5862
7423
9088
4977
7364
7892
9052
2006
3167
7075
7974
982
5156
5
8353
4747
8628
2761
9764
4792
8129
6315
3956
8895
2501
1939
6034
8907
4979
796
1269
634
3945
5732
6299
5003
153
5829
6643
896
4282
4026
3942
9016
9047
7032
8287
5536
1247
5905
577
504
5534
2857
3860
2389
8290
1189
3423
2346
724
6192
3812
8778
3814
5391
621
7672
9563
6537
291
618
8322
8402
9816
1809
5795
4683
7534
28
6923
2792
4355
7914
9105
9451
5887
5054
3099
2944
9408
7003
9482
4688
2249
2413
5035
1374
8132
7226
8367
6971
9586
4871
5408
392
8838
8554
2831
5175
9217
2153
8308
1427
990
9761
6652
7065
2782
2416
231
4025
8512
9958
234
5993
9494
8416
6162
9207
3235
1826
116
2163
6770
2734
7422
2767
4405
7435
5380
977
2290
7289
4628
9888
9583
7114
9022
1146
6393
9137
1546
1855
9001
3252
2375
3191
4410
9994
5178
8901
1670
9032
6693
4006
2014
4001
3407
6496
6519
8539
8877
7943
767
5351
5572
3714
5681
2672
7479
9782
8849
3684
235
1450
9442
8943
4314
1854
4526
6110
2319
3162
1195
6679
54
1578
9446
1755
7315
8130
1844
9817
1551
6862
5927
8079
105
8856
2443
7653
4938
6376
9009
3559
560
2216
4058
2364
4264
4534
8692
118
221
6659
8794
1020
2420
4034
4685
2103
5302
7064
2920
5622
3254
9274
3626
338
3632
8345
6847
5879
8788
3828
6225
4681
3810
4504
5728
8774
950
8442
4015
3797
6054
1278
9593
6446
800
6919
3324
9258
7906
293
4080
6247
698
2432
7913
6130
4361
2800
1915
4620
3415
2271
6639
1165
1081
1572
5573
8906
3216
1792
8304
7733
9725
7552
9508
1829
9945
3629
4127
9160
9419
2247
6293
9112
1724
835
6246
3500
830
4246
4832
4887
9422
4254
8958
5638
5948
1564
708
1446
8306
4531
9304
5954
8885
3535
3638
8801
6071
4267
4909
8437
7628
2984
4664
4419
805
1885
6735
1072
8452
8305
9430
6277
5727
1992
1869
7548
3399
5970
249
6454
8713
2811
5445
3194
3712
394
8376
7287
233
2476
5658
9398
8836
7080
1968
6482
6180
5595
8456
893
7392
4201
3263
8716
2548
5169
2513
4438
8430
772
4969
5616
3609
8746
1229
5944
3457
3770
1003
6954
4830
7348
6756
8174
9627
6347
589
4463
7118
2354
6451
9045
1041
2004
1865
4671
5213
930
2152
78
2881
331
4367
3912
7566
8606
1342
7907
6006
9584
92
5989
2721
4234
1410
2270
7768
4339
7715
3227
855
7061
1013
530
9155
369
5539
7847
7749
550
3131
1131
7268
3830
1503
1794
4373
9636
2931
2397
1483
5608
484
5740
4695
2888
1263
2347
9531
2549
7501
1614
3409
3900
6105
911
1552
3203
4274
699
5092
9934
6223
481
7093
1270
5376
3907
7760
9920
648
4582
9741
7211
2307
9625
5854
8751
3910
8460
187
1712
6278
128
8636
8654
7166
8717
9327
4752
1045
3764
6674
3178
9689
3531
7126
1635
7407
3213
8604
4961
1835
4912
5137
3747
1682
4623
4647
7668
2938
3504
9181
3691
4190
3978
3442
959
407
4802
4329
1383
3575
8841
6081
7202
1560
1422
3962
623
8350
62
3028
3639
7780
9543
536
9645
4723
2454
1271
7247
5971
6589
1777
7045
840
6257
4048
6678
784
4850
8676
2128
8949
2000
1044
2120
306
1766
9941
5586
7901
6139
2757
8215
2109
7731
3465
1117
9224
5298
9820
9675
8988
6942
9634
82
3672
7693
5214
4480
7047
7482
9660
1151
1387
8543
580
2399
6571
3222
8831
8326
9294
3242
5941
6577
4964
3261
9477
7143
5733
3773
8217
8164
4210
8210
8734
5187
8191
6468
2494
9048
826
9727
7565
2958
290
398
9785
7804
468
8980
8886
316
1950
5896
9138
7875
1577
9417
1051
4954
3195
6894
2135
4035
8401
132
8438
3057
8381
1951
5291
9015
1
1787
7018
7196
4091
3402
5141
2538
108
1478
4854
334
3107
5556
8399
185
759
8222
501
8424
4651
870
4447
8126
8318
8547
8860
6621
8233
4145
762
7055
9081
3936
7467
8715
9983
5323
6459
7709
3144
8358
7502
9954
4243
7987
6984
8380
4371
4668
6464
4538
4858
6208
4902
1282
9287
1750
8977
3873
1157
5685
3749
6301
1502
3419
7681
3992
9466
3734
1804
1327
6314
1807
6777
3366
7001
1144
8726
6573
323
9071
4119
4707
408
5164
9961
3326
730
7558
564
6181
4818
4357
5205
1838
2304
9567
932
3157
4822
5338
4400
102
5480
8722
984
7654
9257
2615
965
4490
4520
976
6809
103
5843
7899
8115
7446
2634
6087
7622
2266
8878
7953
9313
4337
9248
3278
8496
6753
3499
1442
9062
1746
3673
77
1440
2289
467
4893
627
2722
622
1513
5542
7666
4889
3895
8876
7972
1806
6415
1808
9976
4749
6355
4135
1443
2052
2219
129
81
7022
7400
5143
6108
4546
5888
2048
8059
8925
8396
8992
3726
1595
2008
5393
8647
9328
625
9092
8332
8312
7540
6102
9043
3653
8429
2267
7945
4098
139
6418
8630
9338
5086
6771
9210
9562
2886
9135
5798
3730
8224
5359
6895
9780
289
8371
300
1078
14
6286
8760
7111
5234
4444
2472
2435
8651
8189
3014
3420
5521
8497
822
7519
5211
1882
3759
8731
1216
4775
5840
7153
3113
7127
8828
1173
9448
3964
2034
2385
7931
8923
9648
2177
8432
7021
6657
4300
7330
8768
7620
5463
1420
4230
6485
1612
7803
5505
2127
8864
6402
5593
5702
5076
4377
8763
6422
6370
8314
7602
864
3670
100
3496
2400
7546
6327
5543
8642
6593
8557
7629
8038
1433
6825
9832
3137
340
4528
4141
6860
2730
4617
400
3600
6218
8208
9712
5695
2377
9174
1644
6870
4122
5950
7252
4966
8109
1666
7826
7336
1052
3646
2870
5578
2049
2382
6067
326
5436
1780
5372
1024
3679
6371
8966
3953
4391
8078
9932
987
2573
1754
6706
5660
2232
9973
927
8484
7908
2863
7776
6322
404
6955
9445
8280
895
9389
3270
915
4732
2891
4849
181
2285
4655
2063
7852
229
1304
9042
511
3925
4009
7096
5249
8826
1307
2116
873
9082
4291
3212
8476
211
7682
2590
1482
6801
7711
3966
6950
4325
7874
701
4185
2129
8798
1286
1480
651
4240
6137
3370
2645
1257
3809
1596
7404
4312
6969
4146
441
5904
2353
2972
652
5946
508
7424
7951
3330
9690
8175
3883
5890
9912
7800
4502
7736
661
5191
1938
5019
4427
2164
6099
9240
4404
7533
6534
9838
1517
8384
664
8783
1067
953
3867
6438
4673
444
9317
2361
8364
7667
1200
2387
6310
3000
745
7963
7725
968
2365
5160
44
8847
8145
7368
2644
1253
7564
4548
5459
1673
857
8347
8236
8031
396
5525
6270
9657
3576
6194
172
7434
2725
8315
6896
7129
561
8221
6064
7140
2317
3615
4759
1014
6694
707
532
4558
8422
9002
6361
9771
3807
2037
1283
8386
3543
847
5227
3245
4922
583
1248
251
3746
253
7131
6237
8683
5071
6579
2334
5085
1312
5283
287
3990
75
3981
4432
8176
7652
4126
5382
859
2692
9489
6831
3163
3417
3796
6765
2323
6867
8934
6615
2464
660
8404
4578
8685
2402
3780
1758
6076
1891
5159
818
5423
9355
7726
1436
8470
9109
6646
3467
1840
1903
8956
5937
4147
3145
6088
5172
4907
4012
3501
2937
5472
3117
918
4175
5722
6997
595
7442
7029
2511
2299
8631
1001
2172
3619
4729
7405
7487
6114
7184
5751
5524
6436
9276
2873
4738
9834
1115
9810
4845
778
8411
764
9323
6512
3675
1413
6292
6817
685
1847
2256
8406
7590
2693
2764
6973
2077
7729
1884
1998
7328
6927
4085
456
4584
8263
9762
332
4956
2776
9034
547
1733
4988
5744
1541
2953
2735
8123
2190
9792
4363
6685
934
9051
4472
9937
3208
7068
4770
3273
3397
704
3237
2423
6738
3731
3552
5778
9134
6755
9988
4638
7793
3917
6596
8833
7213
145
4073
2024
962
5052
8493
7233
2095
3538
4768
3448
30
2658
6287
7218
6983
3849
349
8321
8575
5444
1285
6053
2019
8880
9585
1706
5564
9891
7615
1066
7676
3354
8522
2226
3786
1106
8245
2711
9680
5713
4725
9337
5017
122
9187
9066
9512
140
1849
8911
1224
1004
626
4615
4225
4678
9798
9366
4317
4980
8754
6098
2062
55
3954
1975
7108
7834
1261
8127
2188
5508
9290
9654
6339
4375
3669
4223
6946
9575
1752
8659
2896
8197
9842
5515
9574
7094
8535
8540
9755
8106
6439
9397
1074
2716
386
5048
4755
2458
3851
5279
3804
6769
2580
6751
3926
9909
170
471
9612
7081
9501
4758
8302
483
8976
8764
7764
8661
967
531
1961
4779
7678
5861
7856
2791
4016
5077
6945
2287
3184
6844
5254
696
6238
9012
9097
9146
3032
9802
6140
9895
6516
3660
6656
8193
1454
8617
5275
26
1037
5194
7115
879
8775
9132
2068
8727
6688
755
1019
418
243
6336
8586
5273
809
6309
7067
2872
1370
4214
5401
2533
2522
9483
3640
1398
8861
6897
8157
337
5179
9718
43
4031
8508
7559
2395
9990
3757
4944
2808
7183
8747
6641
6129
8737
9880
5460
9008
8505
33
1958
6486
1295
7389
2179
951
3271
5448
1038
1090
1132
2611
1678
1566
4287
590
6609
4216
6575
1495
6539
1279
2027
1098
1129
1876
3470
8009
8490
6684
7053
913
5025
5419
1610
9499
1358
9055
2209
2510
7523
1226
8317
8223
3823
115
8207
2598
6144
7443
6790
5042
1176
8481
4903
7194
2579
5962
1155
7980
6816
3174
1722
689
6723
6193
4017
9602
4195
3454
3884
2748
8908
871
3792
9999
1900
2248
6623
59
5526
7092
7406
2042
7632
5841
5405
1329
6773
6843
9341
4939
4100
9318
4239
4951
2961
8251
8265
2338
3537
2763
245
6001
6082
2790
1859
9582
2822
1634
801
3037
9388
8436
5591
7313
8474
8561
1114
3483
7012
3622
9222
7298
5162
3348
6585
3941
2030
3502
4476
5697
7098
7339
6072
1182
151
9172
9743
2892
9513
4285
2980
8480
5923
5115
5781
9416
5223
8598
3297
7290
6143
3275
8738
7281
7263
7867
4564
2100
5674
466
6272
7634
6640
1206
4460
2460
1260
7000
9432
747
7756
1411
8417
3539
2044
3106
9353
8018
7752
3878
3750
7741
5228
4694
5602
6922
168
3274
6903
9981
6650
2262
5680
6901
2894
1444
4289
8366
811
2332
1624
4036
8205
936
5587
348
4970
9522
8662
3471
2834
4483
4882
4068
9214
9948
5691
6188
947
1690
3374
3862
5939
7189
1734
3982
4595
1406
2007
3202
5053
6337
6267
7186
5747
684
7636
837
6618
3494
2518
7870
552
5918
4953
8528
3093
3295
6677
8854
2451
9757
2570
5560
6352
3322
9846
5679
3683
4853
3425
7550
4310
3176
1798
7513
2612
7796
4767
521
4703
686
1347
8162
4179
6648
5666
4856
5651
6972
241
1902
1012
4439
3392
7721
8521
3264
4292
1582
8718
8292
6260
7305
2777
573
6737
119
8099
2105
6004
9532
6957
1232
4913
7136
1434
6168
2282
9352
5940
2106
3358
3026
307
5167
6730
5000
9629
5813
6240
2977
8745
9020
6803
850
4918
4297
5949
9697
1055
1376
5487
1839
9916
6317
8970
9750
7174
4860
6045
5541
6344
544
8016
3602
1602
3824
2621
8216
268
9795
799
79
1740
9075
9790
8328
7855
1485
8624
5535
1174
2936
84
3832
8219
8288
5434
3994
6434
9311
5457
3649
5011
2181
381
1651
2431
1846
8516
4631
2560
258
6491
9601
4746
4812
7854
3068
6432
1461
3848
7393
4055
7083
2242
8680
1079
9735
218
566
8111
212
7138
41
1371
1888
7542
4449
1637
9609
5758
6351
1352
4586
999
2989
952
225
3148
5878
5088
3623
6147
3388
582
7772
2388
3581
9221
5340
6743
8124
3359
2001
1783
6445
2592
3179
4149
1547
9326
2504
8786
8257
6195
8047
5609
9756
9855
6808
447
4338
5506
1313
7165
5961
8899
6289
2680
8300
4466
3666
7762
576
3223
6199
1381
1526
6149
2305
3177
8211
7149
7755
9077
6617
7871
3317
1412
7584
3564
5968
6476
3753
4827
8893
5190
6928
4891
3332
2638
4783
1112
2973
9799
7561
7271
7282
3525
2752
1897
3717
9095
458
6549
7718
793
6736
4372
2815
1819
8703
8784
5635
4491
5084
8083
4183
3266
6475
4644
3682
1720
9349
7601
1628
2668
3562
2016
4552
5772
4926
2088
6329
4332
7037
9993
4253
4682
735
5289
2257
574
4092
1778
5074
5108
6207
195
7341
5615
1208
9581
3241
2840
9443
4140
6353
1246
1209
8355
9536
5104
1346
1464
6254
7365
7579
8541
5366
5135
496
1878
7771
3060
7160
1729
8267
8536
5014
4084
5100
3325
3788
9557
7009
8608
7988
3695
2983
1765
2951
1879
4928
1404
1523
2022
4865
5662
526
1379
9662
3700
8498
8892
8663
1084
8637
8804
8172
8765
3725
8675
3528
1873
9471
1048
67
3029
3965
6565
4930
8274
3563
3766
247
619
2191
214
4441
9293
6472
3850
45
8559
7303
9273
6924
29
7549
3002
1244
5618
4477
492
6692
3344
4883
4997
4761
9847
20
8121
6806
4788
336
5661
787
8440
101
9085
5023
1964
5180
7219
2260
769
2427
8138
5802
3630
2930
3432
1409
1000
5489
3083
5145
3171
9485
9130
8446
4241
587
3209
6670
9504
3186
4399
2136
3710
1017
2524
8276
5509
9050
1936
5119
8195
1223
903
5324
2703
559
4075
5654
2738
7514
3919
5221
2463
4352
2114
5420
1996
4331
4715
121
1487
8333
8186
2149
9918
2061
1527
1221
5216
6489
7416
5075
9444
7214
3651
4024
5224
2673
2824
6985
2903
2405
1149
716
1693
7326
9239
8309
7773
5712
1748
5786
7188
1292
3286
4130
3811
9647
2893
7402
9794
5720
6012
8869
5903
3899
1511
3153
2706
2728
2543
6875
354
6416
3079
1026
4778
9734
8753
9473
656
2459
523
1080
5114
3755
2011
7929
892
5632
4634
8729
3587
5800
9363
1367
1520
7583
3636
1125
6164
5517
343
6399
7035
4257
455
4667
3656
7884
1141
7996
5928
3906
509
1498
4662
774
5057
7557
8477
1505
9836
831
3720
2814
8591
8812
5476
3909
8506
1230
9523
2125
9152
5183
8074
4680
1969
2465
737
7258
1317
6239
472
8020
5769
8504
4946
8887
3937
9811
183
3444
584
1603
3196
5329
7431
5503
6157
6038
5306
8298
1716
8192
488
607
5399
732
4503
6576
7340
422
7269
3671
1360
2969
2985
5044
3891
2512
3075
4633
1868
2429
2082
2783
9185
7827
1231
9223
843
9232
6205
7724
9114
2017
8295
6521
9537
5264
3687
8621
1921
6703
4452
8473
5342
9393
2178
6276
7109
3617
2962
8209
6580
8152
1251
213
1016
499
6638
4919
3123
3118
529
2542
921
2360
5719
5326
2647
1275
6533
2842
9744
7135
4212
3561
3386
2115
5219
7262
4299
2386
3443
7512
803
5826
6075
4981
4056
5379
7238
1620
9179
7976
5554
3398
6412
5277
6557
2624
2145
3911
6877
4819
9490
8789
7917
7220
1366
928
2029
8913
1489
4132
1899
4251
797
318
2552
3971
6133
9511
8202
2816
1490
1093
5248
3277
5469
2381
6362
1194
5008
3372
4308
1137
8859
9653
8797
5581
3887
3182
1284
3396
6175
6625
7190
9086
439
3187
4936
3338
3210
8035
1390
1202
3302
7640
5906
1120
2882
8094
8397
556
9514
2160
9642
703
8324
493
971
1280
8285
4049
7743
5852
3199
9595
5177
9637
2602
9453
1309
4032
1277
1504
2342
9940
8457
9289
5805
2328
7201
4805
9538
3058
1825
6820
9285
3422
308
1396
7473
327
8914
2544
8310
8052
4728
3920
9824
6397
7767
3805
2559
1571
2496
8610
6886
2902
2503
104
1913
5563
5421
7638
7331
365
423
6839
5507
5032
6918
5256
1685
3781
1456
4374
5966
4781
6303
9255
2244
8827
133
6401
2479
7759
157
9616
9068
4998
155
8485
3116
602
9228
4791
4236
1696
4536
2078
2628
5885
5700
4722
4442
697
6766
3234
4365
7841
7266
6056
3838
6654
8252
8082
5648
6982
4530
4431
1880
5998
3462
845
9688
2300
66
431
179
775
7386
8339
8131
5734
5377
1785
473
7747
9283
3842
9450
7815
6425
5416
8771
6217
7270
2426
8372
3008
8556
5755
1684
2352
7957
6782
713
4920
2604
9460
2434
3308
1864
8161
9147
9673
7722
5667
788
2339
9425
5823
2401
665
2070
6502
600
5303
2069
3048
1073
973
8736
4622
7526
9724
7835
2740
6368
5992
7782
9524
4603
4455
1350
3789
9693
1605
3039
1339
5520
2827
1861
5988
3316
2230
8597
7415
2887
5794
4764
6383
6882
397
4765
567
4869
5532
7078
7556
7309
4103
2254
9839
6296
3052
7675
6120
3741
5895
4064
164
5352
2495
3589
8601
2265
1805
4174
9924
9091
3577
2562
8567
8994
2854
721
136
3771
944
9298
8708
2586
6926
2406
2804
7941
824
659
9280
8155
5757
1393
2408
2929
5789
8316
8021
7475
3987
773
236
3540
7058
2781
945
1235
9696
2506
9262
7274
8146
4148
681
8403
459
897
1627
5437
9740
669
9791
4021
7107
6675
1652
204
9559
7625
4610
5561
1514
2681
5995
7879
1356
388
2732
8075
9314
8149
639
8045
6666
4499
9967
8524
3132
5637
5345
8755
6040
6704
5832
3658
3952
4384
6058
1218
3410
7286
6725
1963
1924
4833
7728
8237
9405
5280
3426
3238
782
1837
6100
7605
6138
3681
9357
4306
3957
8626
8546
7210
1989
8538
2122
3433
6349
1496
3943
7838
8133
650
4616
3970
6170
2154
9455
4687
6590
2441
8776
5422
360
3685
4238
6266
8262
8361
2817
238
4640
1948
1408
5293
6197
8242
3267
6020
6466
1199
2795
8125
7881
6302
3015
2241
4457
1597
3019
182
1145
1135
4211
3913
2569
2094
741
672
2796
6453
2012
7886
6686
8410
7537
7954
6510
19
5527
9439
8168
239
1608
8451
95
9856
6522
9861
2779
3853
3135
3655
5711
6111
4789
6795
6879
6848
5157
469
7900
9907
1354
6151
6381
4443
1625
7853
1064
138
9859
3377
7384
8244
1689
3765
8113
6396
254
7371
305
823
3303
7175
8615
9316
7038
1557
320
5404
2488
9216
5295
7679
5363
9726
6172
9617
7054
2526
4989
1588
8933
4753
8369
2698
2596
1609
7033
7785
436
9878
2033
7784
1507
1710
1123
8884
9549
7700
1426
5080
3298
8431
3272
2089
2394
3020
2659
8563
6846
2595
9742
8378
8503
1086
419
8439
7570
9365
5412
6503
6346
4648
4196
4348
7229
6556
5464
6582
7253
4125
4180
1119
6538
7171
3678
3865
166
9203
9299
9282
5926
1262
9479
3693
1180
5694
3319
3224
414
3431
867
7511
495
8107
1197
6050
2867
6385
7685
7245
6134
4841
5049
7876
2104
7593
2917
4632
1676
8871
1310
662
1308
4244
9036
674
8247
2371
2255
8428
1784
6166
58
7451
5810
2965
5299
4950
2310
6981
8478
8441
6989
756
6165
6009
591
1268
8097
9230
6365
9000
4206
4600
7087
6377
3534
6712
1980
8467
1985
5768
4945
2623
2468
4039
900
8344
4186
6060
4613
1539
742
5207
7411
2682
2956
1775
4263
4742
7010
2066
6179
4933
3580
2772
3709
5022
7308
7712
2176
6505
7730
7342
5555
4309
8681
1166
4433
1815
9378
2898
7919
6665
8900
6184
4351
9312
554
9571
2799
7720
5116
1642
1170
7176
991
4696
1228
2860
3059
1389
4507
6715
1335
615
9367
6015
1181
5723
4650
6323
6090
9220
3611
7665
4590
5590
6095
6876
538
3369
7918
4806
2107
874
4697
8327
2564
4495
8273
2132
3315
8986
5095
6759
9786
5893
5021
5124
6443
4304
106
7973
4973
6437
3003
3005
3329
5718
3042
6026
189
5856
1266
3556
9626
8479
4295
2836
5440
9510
1171
8218
5924
3918
465
8550
3721
5294
7329
7942
815
6990
3733
1890
3570
1265
2112
4545
2862
6236
8070
2864
9906
3323
11
2278
5136
5133
5917
3172
3946
2609
4935
4421
8101
4512
3699
3294
2143
2349
5461
6148
1626
226
457
908
352
7614
5400
7586
5499
3159
3424
8670
1322
6598
9177
2414
8721
7651
4614
695
7588
2411
4666
6690
9315
4323
5171
7837
1177
4485
6569
6633
7983
7701
4150
4028
1294
4013
9800
5281
5736
2633
6689
5307
3922
3228
7302
1585
7242
7440
8723
2853
3283
3051
3827
8118
2322
6096
6998
2469
6888
6121
1438
1568
7677
4978
8809
1419
5689
8500
7370
6802
9928
7516
3477
10
6612
6318
8014
3896
9354
9505
4301
8268
1296
7066
6695
4532
1300
8144
9877
7103
2280
2312
1922
3124
6375
9431
35
765
8985
9474
592
5319
9335
4481
2577
2390
2445
2632
8270
3138
1550
7090
171
6532
9464
9904
3529
9841
5013
3555
2482
6545
2324
6676
2183
1353
663
2895
9364
1362
6167
240
8375
4406
193
2182
5139
8419
3306
4575
2690
4629
2514
2819
5334
5846
8867
6101
7848
7649
3236
9465
7661
1156
856
630
1332
3441
514
3435
6128
244
5501
4724
4318
1054
3571
8633
4630
1384
3472
6311
8510
4
8368
5934
5783
9476
7896
2292
4663
3777
2318
4096
4522
9970
7134
7314
3305
288
4369
9024
3607
4984
9784
2398
4713
1836
8872
4124
1638
7779
2298
1986
3114
6560
821
8743
5569
2695
1102
5375
161
3346
356
281
2376
7354
6956
6908
5390
7072
5849
3542
5481
6994
9102
9233
9776
9259
9980
2753
572
3437
6356
2046
4117
350
9621
8061
2554
2379
2447
2774
6051
9078
7985
7359
1786
1648
1133
9974
8351
1668
691
7702
2213
8119
1726
3652
4801
1100
1747
7858
6605
8487
3127
7969
6269
4200
3318
3463
3088
7525
1010
7417
6561
5894
5828
981
8632
5001
4450
8612
5209
1563
2587
586
2043
9788
6097
7113
8475
5255
8213
3251
2599
7543
4585
5818
1912
7455
8301
9023
7306
7228
8299
4062
1537
8092
2277
3335
301
5449
2571
6216
9787
9866
2038
424
4563
464
3863
7390
3041
6460
4237
1351
4716
1643
9069
5788
9409
1759
2676
4624
644
1973
2484
5779
4129
9926
3288
4508
7507
5282
1974
1394
6807
1291
5315
6280
3677
3380
8000
7124
5350
5725
1034
3882
9992
7821
8250
7909
6698
7864
5485
2639
2745
8335
6275
9362
3951
7850
4437
9254
4136
5537
6794
6161
6691
2653
4573
2314
985
7209
5429
2195
7474
5067
1214
7216
6025
2825
6581
1521
5620
2826
8453
6061
3723
8058
109
4259
9150
8791
3276
3226
1983
304
3667
9116
4577
725
2594
3469
5767
8114
5103
2325
5707
9721
5692
6463
6822
6341
4220
5158
5643
9103
9484
3072
1391
5551
6866
2508
6478
1452
9716
1337
1006
9162
8359
5101
3043
5902
7989
5060
8924
3696
6316
6663
6869
1287
8225
117
1703
7911
8569
7332
209
1095
4521
8387
8253
3742
16
4468
844
9591
4637
4366
3854
2269
4888
1402
2021
470
1771
4535
3142
5082
2130
9021
970
4750
1385
2146
7215
1029
3549
8873
604
1314
7195
1796
4188
347
6403
2906
4881
2971
711
4900
2705
267
2331
9074
6494
5871
2948
6230
7599
2959
8482
6057
9427
8552
9519
8249
1183
4943
5471
4020
4544
7524
8239
2691
1779
5576
6085
220
700
9959
8041
8184
4720
1168
3547
957
1311
1905
125
5975
6721
9441
7260
7831
4527
541
2629
9013
7418
3289
7997
6934
978
4821
205
4089
519
3103
3086
5438
4280
9551
5761
2540
4462
1009
6925
2724
5835
6504
3897
8709
1472
9649
7664
9058
7257
1616
9339
1862
6642
4440
2202
8672
9897
6003
1562
7280
4343
4316
3522
3599
9385
7217
2139
4524
9107
2113
9965
5599
4250
8928
3296
8635
322
7522
7990
8177
8724
3092
429
8025
7810
9596
9296
5196
4108
4469
4037
7250
779
4840
2166
641
1509
6426
4612
9243
2436
1960
3084
5235
7528
6672
8816
8882
4588
1092
7159
6941
3791
4081
7301
588
6745
6252
4511
8081
2714
5374
280
7197
9361
6838
3960
4606
5549
640
5672
7567
4313
1704
3336
4672
6624
3211
5309
3414
1967
974
9947
3558
1258
8398
8148
8046
6851
5523
1852
8740
914
7658
8627
9808
7146
5140
351
5267
4209
294
5272
4392
7732
1460
4717
5131
2637
2603
5504
7920
5669
6518
9666
4074
5110
5546
6920
2657
8853
1297
1494
2274
1447
4459
8158
127
8085
6304
3616
7335
6515
8283
597
1926
1744
6553
9236
7623
9252
7224
4448
4061
9590
4963
1096
6898
8206
1428
898
4172
9462
8634
1907
2368
2370
219
3635
5146
5263
7935
7433
7036
5850
8558
8533
6850
2875
3221
2793
6664
7603
5876
2175
5812
8684
2907
6976
7234
1392
5484
2701
5300
6938
1559
15
6891
3694
6616
9933
3932
6283
8950
5592
1388
2744
2739
8896
8707
474
6857
8204
5624
9610
2481
7944
8039
8006
7227
7695
9340
2126
6125
8779
2878
3168
6043
9515
5639
4604
1536
6079
5670
1657
6408
865
3282
2975
3930
5365
2237
4691
5929
6113
4478
682
4265
8931
7684
4424
4937
2539
1823
7694
1139
2999
3999
7388
575
1719
7926
3961
3544
7612
7494
4283
9
6711
8846
2665
6154
2712
1901
4109
4872
5413
5659
9944
1529
5288
860
22
144
1175
8341
6970
4670
7923
1548
1085
8677
9534
71
4828
5873
4328
203
8678
8579
178
6212
7023
6078
4962
3857
1136
9381
6406
6241
6951
4929
7786
3156
339
954
4381
4364
7662
956
3382
8465
3351
2669
8507
8782
6424
452
4894
8819
1736
645
4376
1943
5763
3705
86
5357
5874
9403
2563
7016
7801
4420
853
5033
8739
7748
6093
9620
9736
2373
5765
310
4248
9491
9347
9852
8696
8388
2448
3498
7299
3606
2250
2809
9801
3070
2727
2212
1640
6564
3817
7617
1856
533
2531
1832
2582
4422
5241
131
3038
7714
3664
5822
3845
114
3445
7249
4916
8609
1800
5335
6724
1158
3647
777
8
165
5222
926
6233
7294
555
9454
7833
4326
51
8103
3104
9426
8839
6122
6002
4379
3557
4144
5202
4453
9854
1063
794
3360
849
6490
7576
8459
1810
4710
4171
9707
5462
9752
5173
5266
9182
6752
8605
7399
445
2848
3806
1767
7581
9578
3840
2939
6400
1987
3487
1211
4111
315
6700
1942
3948
988
3996
3597
4458
4350
558
3198
9704
9407
655
7705
7716
4022
2121
9226
4653
4608
8687
7922
1760
4417
9997
6027
7255
6380
2449
7235
7910
6774
3740
5134
4278
8947
3612
8297
2666
368
217
47
8584
454
1669
7604
7095
9251
3062
7663
9615
4824
1681
5117
4823
8112
5339
8349
5771
4063
969
7300
2275
2954
2053
5488
6718
5703
6978
2855
7982
4794
3680
4184
678
9334
3188
653
7765
6508
3998
9865
4403
9245
3379
6190
3985
435
1321
3763
8463
7808
9166
6189
4932
2851
2224
7470
3217
9436
5634
7846
8089
1742
3530
7168
276
6804
2461
7161
9605
2301
2810
7735
1510
1756
7635
6741
8028
434
792
8649
2351
5717
7699
6456
4995
3364
391
3698
1567
4567
2227
9456
6234
1373
3095
7350
4121
6834
1071
1233
3503
1713
948
6578
6953
8792
2207
8689
1061
8807
1739
6364
2316
3618
5500
881
6893
3250
961
3768
9350
804
9129
6507
3009
5671
4383
9869
5231
4082
1031
3304
8055
9939
9200
7452
9265
3874
2641
6979
3784
8415
9763
2802
4537
605
7383
9767
5192
5007
7172
6542
7352
8802
3657
9949
4741
516
9685
1169
4415
4589
3036
2147
3013
7100
5760
159
3643
939
1904
4958
5454
8750
4435
9104
5571
3939
7671
7692
8395
9059
3495
355
6744
6501
2341
387
894
8435
3130
983
6960
2462
7006
4097
4418
9331
883
275
7961
7797
4204
6517
2111
3508
5483
9729
7317
2946
9635
2794
6987
2821
9668
8964
4398
2225
7680
6449
375
852
3439
3674
4065
5427
2534
2357
2519
6191
3367
6312
1714
3292
2467
5170
6298
3293
3405
5676
9872
2235
3605
9950
802
9622
9781
6996
6350
264
8529
2871
1820
2090
7619
383
6374
7521
2952
4851
9885
9061
5010
9746
1475
6514
4416
325
866
2119
4665
5208
1414
5078
8955
1528
8810
8163
813
9921
4899
6835
1857
6455
5424
889
579
2206
7051
9424
2574
1828
5414
3870
5605
7934
2651
9720
8447
7296
6263
5395
463
6739
9486
6948
9266
6062
4467
3704
3017
7486
9375
9173
4826
5955
5002
1601
9067
4976
5330
4645
6423
34
3146
1679
6907
2087
3259
1343
6680
820
9570
7659
4766
8616
2650
1425
1256
9481
8011
9119
5806
376
8653
4382
1584
6495
7812
5150
6602
5770
9963
740
2036
6428
5729
7894
8712
6944
6999
9267
3418
9386
8590
4844
1243
1543
2521
9308
2221
1911
5252
8201
6778
6757
7279
8744
7690
4877
6913
7553
5321
3509
2384
6209
4177
4334
2955
2279
537
476
430
158
5801
91
3090
9100
4486
8383
8857
6222
5870
6229
5005
7285
1688
7278
6673
2625
5091
2133
2440
960
9923
5233
3287
7086
8015
9749
2660
6885
5040
1430
6871
5748
9123
1914
5982
6452
2231
1611
2363
5963
7472
891
3976
2167
4756
3257
5030
885
3931
7462
6747
4078
2923
2421
1118
2841
1570
9618
5346
3447
1941
8282
7539
3429
7480
4811
2404
6892
3046
4232
4709
6599
2162
7520
3284
9369
3523
5215
3915
8468
2286
7322
636
6939
9320
1153
56
5403
776
7104
9202
7707
9628
1491
9683
4809
2664
505
9189
7381
3158
6433
4684
8697
4596
6716
8614
2455
9814
6214
1978
997
838
8258
7656
1984
3459
9691
2309
8511
5867
2355
6649
7157
7673
9837
6394
5701
7272
942
8004
8865
6325
553
1082
3519
3201
6562
3481
8581
8639
319
1273
4659
3868
6889
303
5851
9199
6200
6762
1977
7461
6173
2636
4290
3279
940
6884
631
9463
8960
5979
4258
8034
7641
8787
3708
4700
3450
7316
8759
4711
7276
405
262
3820
2320
5360
2096
1154
197
3847
8090
3010
7903
3055
4706
9133
8400
8260
3707
693
8060
8110
4277
6163
2344
7456
274
5848
5240
8091
2439
8881
6890
1655
8093
5983
6471
933
4138
361
6936
4192
6103
174
2593
5066
321
4023
8580
1971
2839
8582
3875
958
1633
7345
7859
6158
8769
9261
2759
1789
2412
440
9951
3554
7639
4971
3181
5061
9619
5278
6910
8698
1210
9901
7347
6965
3136
4740
2045
206
8777
6861
5974
1445
7017
4941
3659
563
4839
6709
6995
2654
3718
4874
7232
549
9640
1219
1555
1874
506
8002
6761
929
1694
3185
7398
5594
4541
5458
8840
9717
9639
8917
5981
4275
6993
2485
3488
5343
4027
1533
2083
8179
4996
4708
603
5004
5296
5814
7437
750
2134
4816
9614
8229
7488
1753
3085
6414
8702
1743
5533
7062
2425
7318
8593
6332
4692
5182
1590
503
3231
7122
333
2874
832
9748
8948
3109
6647
7979
9768
9807
4407
6470
3586
8238
7865
4393
8537
2558
1424
6118
5942
1492
8391
7608
7798
2205
9478
7799
917
3520
7606
4451
5777
6859
4261
9413
2689
3841
5212
3551
8488
4288
2935
7613
3815
6717
2726
3661
7019
9186
7646
1101
428
207
8102
3648
613
2144
2018
2856
6065
9396
8568
3963
3808
1660
8929
8918
1068
374
3521
7084
5369
2583
8264
2919
8530
5776
8963
2507
8695
4689
9529
2500
3758
7795
3334
4952
8173
1380
3844
528
3719
8167
4114
3408
5991
6511
4045
5610
2099
74
2268
311
6321
2671
7366
9860
8808
5872
980
9546
5015
1179
2578
286
901
6417
3126
9437
6952
6628
6392
5548
1416
9183
5791
1185
2374
1549
6345
518
8742
3341
8728
2942
1580
7310
5479
173
2348
1866
4884
96
9433
5243
923
6740
344
1290
2760
1953
6
3574
6035
1723
7401
1728
6823
2762
3233
7873
3516
1894
902
8711
3995
9560
7904
4642
7807
3001
1692
1018
2313
7477
2422
7297
5668
5465
3183
4051
2694
1340
3706
4895
6742
4461
733
502
7295
6379
1403
1990
7710
2085
167
3739
1369
9056
9650
5957
1615
3524
8916
3527
6543
8139
9204
2466
8982
3793
9713
1400
3641
460
1204
9284
9194
4737
4948
8170
6930
5417
1361
3938
266
3668
8394
2536
1113
6872
6763
4927
8548
920
4885
6788
9769
2330
6611
5490
2041
8143
2291
7970
8852
208
7563
1934
1249
5973
406
3061
8730
7412
4487
992
1991
5824
6658
5607
1947
5972
2786
5796
7880
285
4358
3220
3149
808
702
7430
5495
6813
512
3752
6662
2161
5766
8526
8153
3761
1298
8196
7816
4762
9829
6980
3249
7432
8293
7547
7869
1908
1632
3193
2949
9525
359
6734
8379
278
6786
362
5698
8585
1281
9700
9028
5441
399
9840
7284
2966
3595
1893
6540
1162
90
1437
342
7355
4354
3129
42
1622
851
184
7802
568
5151
324
6699
256
836
6921
2026
3175
328
3310
3044
1325
5627
6546
4356
8927
2557
5287
9302
670
2780
6940
1654
6405
416
4974
9110
8733
6448
9286
8008
7883
2844
8277
1062
2707
1451
9429
8565
4516
2283
4454
4270
2060
6328
76
9671
6583
540
4005
8382
3567
5012
3091
7844
6203
2032
4327
727
1462
9698
8494
5239
3219
8922
7076
4321
4751
6007
7952
1687
402
94
3342
8735
2928
4565
5574
9139
7031
8997
6594
8307
18
2180
1349
827
4501
2613
2805
3947
8043
3898
7898
4105
2437
1565
3507
7585
6171
7648
3856
7014
7357
9975
1467
5819
8325
7369
9275
8108
5652
3864
606
7420
723
3376
535
2545
9399
1579
6142
216
3914
1738
8824
8501
3453
6285
7311
3983
4846
4397
7902
2775
7887
3169
1255
4010
372
6354
5612
6256
5355
5782
113
8866
6274
8981
1944
4831
2288
2731
3690
196
2430
6421
3492
854
2913
4999
5297
8549
9094
6320
1324
9165
3923
2509
6932
5431
6430
5371
8040
134
5980
6273
7073
9108
5699
8458
7291
6279
2415
8320
6988
1087
2998
7824
9955
5026
2709
8822
8625
1793
154
4810
8962
3436
1600
3497
269
7830
5206
382
4110
5276
2108
9297
7193
8527
766
191
6653
5336
966
6369
2674
527
8834
3650
938
7574
2778
6555
9527
8067
6021
2640
9876
1473
1658
1159
8671
1091
7464
998
1468
5166
5242
2663
7419
4191
3080
7382
9070
8991
2684
7353
4349
2367
8595
9979
411
3337
363
7463
5837
8570
1002
6779
4118
1035
9159
3327
8577
7491
4219
3416
4540
8072
232
2499
5580
9902
5496
1994
3082
7863
6758
7173
1822
4151
2215
7527
7981
4120
3825
3076
130
4101
5367
3164
4514
8655
4197
8232
6554
9858
1966
2941
9723
3843
3097
8509
1928
4523
5784
7148
5486
8343
9184
2768
5050
302
8063
5341
2055
3246
2619
4155
2643
7141
8150
1618
9390
4743
6696
8037
7155
4568
1423
8972
6450
9278
7571
3468
1782
5522
5312
4040
890
3819
4260
7069
5396
7616
5964
963
7704
8832
722
3744
4002
5965
2020
6022
1683
8793
3466
5220
4307
7993
9544
7374
6253
7376
1593
5996
2141
8169
6785
9356
1932
3403
9368
7933
3108
628
5125
8248
6500
6818
6196
7367
9679
5285
5163
1333
9783
4784
964
5558
6411
1717
9169
1364
6014
2616
5473
5474
7930
1522
4576
4471
3762
1617
3893
8800
1338
6727
5181
7004
4115
9227
1130
876
9758
8019
5951
8445
9073
65
2622
8056
743
7843
4335
3776
6373
7121
9518
2687
6947
4965
5373
5673
2438
646
862
3593
4859
2608
872
3489
9076
5842
6506
1109
7697
922
6827
2788
498
5730
1956
4475
10000
9176
9303
7568
7246
2914
3240
5493
5411
9643
5043
2383
7439
7387
5987
1667
8965
3031
4479
7949
3378
525
335
4194
884
2489
6348
8259
6968
8937
5844
6591
9753
1245
4153
886
1737
7192
5435
6440
8200
6966
9131
731
1653
358
7154
5304
9850
642
9447
6457
2934
9359
9732
3663
1330
7185
1860
4390
4892
8978
9037
1646
7026
1341
4760
9579
5611
9706
4814
260
5678
9342
4583
491
2403
8425
5409
5378
7627
4815
6044
2054
7231
9646
3301
614
2845
7959
2600
8879
6441
2756
5311
4774
4947
8762
3928
8199
437
6083
551
9343
4597
6601
7966
6863
4547
8360
8957
2688
9010
2243
7878
3836
3307
367
7251
3565
1607
6904
5475
6962
1023
1138
7395
7587
4572
8466
2797
995
296
7703
9305
9126
3855
1576
3404
3916
2950
5565
3314
24
4070
1686
9191
5018
1264
1238
2742
1148
5932
9633
8449
6288
5999
513
7120
6427
6488
7050
4370
2444
9705
9475
5583
4757
1554
6005
1933
8938
8573
9910
4205
5650
5684
8013
4271
9374
2362
4754
7763
7551
7373
384
1834
9710
3362
2829
1540
6669
2208
3787
6719
1274
1699
1863
4876
152
7592
1629
1574
3206
2880
2974
5081
9030
8261
7361
9004
6697
3485
6016
8995
4559
1672
4311
4042
6754
3200
2652
5310
415
5491
9604
8214
2140
5006
9875
1631
8752
453
5113
1236
